129 82 118
20 56 35
204 40 74
11 89 137
86 120 169
25 243 105
125 172 116
123 85 237
166 101 15
102 33 82
188 36 47
153 233 235
59 228 28
243 123 162
166 6 61
44 51 153
133 237 65
133 117 124
95 220 15
172 53 252
94 15 249
101 192 111
30 228 203
120 70 76
183 96 175
134 55 11
147 112 98
189 213 2
239 205 36
197 6 101
216 4 41
206 38 52
181 202 27
23 10 167
34 122 208
201 218 10
83 151 164
87 203 183
127 175 92
53 211 97
74 51 118
56 241 135
26 11 210
210 151 232
84 198 56
132 85 74
188 244 0
185 127 101
33 70 156
241 17 87
39 101 146
106 48 61
30 134 231
34 236 213
209 78 113
62 155 43
234 60 58
202 11 211
186 1 68
160 89 18
8 96 127
72 232 127
87 49 201
174 209 208
81 131 99
41 214 247
10 47 41
234 43 50
197 243 143
95 223 134
143 44 130
126 18 7
188 249 146
25 44 62
116 165 132
123 145 185
232 180 6
93 97 218
28 227 10
161 163 20
123 158 188
141 125 97
254 27 147
178 158 23
243 85 240
145 66 141
167 215 222
152 23 235
154 159 11
178 119 229
7 43 155
245 109 75
228 106 248
210 222 192
155 118 8
224 59 13
200 80 12
59 147 15
52 248 184
154 170 109
